1.822930
1.407200
14.654176
2.684624
23.024281
106.619247
1.143629
39.389278
0.143223
153.636765
10.658727
4.340465
364.739136
33.384628
0.786314
6.446818
9.717368
0.718036
19.530298
39.259354
2.539569
4.461396
31.166830
7.718559
48.155449
6.746265
0.572755
21.094614
1.510934
57.976669
3.287844
94.706673
38.576508
6.372248
8.502844
3.411061
5.153656
14.344720
6.273690
2.368482
4.196826
1.229413
4.959962
23.761860
74.582436
1.978037
9.506022
31.259533
4.482975
0.407833
126.682220
5.661672
0.180874
34.558197
3.044151
101.585793
45.418533
106.687935
3.540506
2.739082
0.105732
9.924643
2.423039
4.217130
11.203476
3.624900
2.551704
29.648489
9.953765
33.380951
28.622356
4.953338
1.246378
4.776509
10.446978
2.192335
4.025003
1.740102
0.928097
1.485577
3.850291
0.705937
67.564842
6.940974
54.594334
17.620766
45.113373
0.928624
1.612805
0.392296
65.053062
4.198307
13.530960
3.770487
6.394466
1.717914
3.045517
5.352817
8.815065
9.374166
10.504766
36.248707
130.307449
5.787004
131.248184
5.687382
4.684752
44.118645
34.383446
3.381570
4.932260
33.943661
1.886417
3.347237
5.650681
3.921221
9.699181
53.808304
0.646237
412.109314
5.682164
2.330451
1.634038
22.811220
26.944778
1.247435
126.242920
194.755844
31.622164
11.623274
2.621936
118.538895
7.985372
112.072105
2.197269
4.204440
0.056433
0.642978
0.721258
0.356861
0.683541
20.673885
89.012428
26.361647
107.108650
3.614044
0.935928
2.470696
167.693756
4.722277
7.296596
0.409870
0.094285
4.505058
35.762413
24.012552
64.232574
6.190833
32.822769
2.646785
28.732418
1.009075
2.168031
58.866108
5.005167
2.305349
4.546477
14.104201
53.113533
5.274878
5.761231
42.965004
5.780211
7.439408
16.031784
2.890100
96.655113
41.295959
100.087532
6.520995
98.227646
9.402220
5.974978
6.093038
242.311554
55.302563
4.355804
1.537175
120.838562
76.995064
1.126419
4.937185
7.124155
5.427749
0.429958
1.237388
105.854347
8.855213
9.114242
6.165202
4.418731
41.332775
58.090935
4.806442
0.592210
0.308400
201.170837
6.699794
0.989867
41.300434
61.942612
1.575105
7.773628
13.793670
17.646925
146.980423
28.974373
84.174034
8.499366
2.445675
31.744158
9.402220
341.155304
2.270926
37.810753
45.210392
6.378356
150.294846
2.131516
25.443241
37.116901
8.813649
63.092339
6.213877
0.285601
17.402493
6.023670
16.525213
7.012487
6.033825
1.145127
17.129232
10.966190
0.229722
3.342750
4.684512
4.231646
7.987998
50.390911
6.157937
10.556376
27.355349
29.104733
113.565765
5.042458
156.397614
1.291312
0.081040
3.648245
11.409233
15.357505
22.154230
5.585462
0.196300
11.916805
1.733600
0.033066
4.279506
10.190450
4.393859
34.751324
85.499420
1.911346
5.302308
32.822769
26.685408
0.638953
1.909243
5.255221
1.392296
33.025211
2.314751
0.035540
10.435782
13.881291
27.700375
82.775711
28.844515
13.355312
0.130113
22.665579
14.979759
122.885025
901.377625
172.360489
3.307667
5.697155
67.279808
33.431950
3.149394
159.469254
49.349319
20.956390
7.959801
3.379329
5.260925
0.057041
5.609649
4.651555
27.820148
5.925125
9.402220
28.448500
2.761396
5.519847
0.785674
5.805859
20.248407
2.534894
0.445260
9.143317
83.114601
0.025243
6.963302
7.094353
4.045861
379.313446
5.104265
70.664879
128.820969
3.383021
17.648090
8.490423
25.494478
0.055198
27.672890
52.057495
5.021521
3.232569
56.835693
0.133692
63.496433
19.336685
5.446780
2.860175
2.416176
5.789314
3.167689
3.526820
40.358425
23.854349
7.659784
2.992955
58.351181
84.248947
3.860276
143.650955
4.261020
36.299252
2.064952
29.125750
14.027067
25.656607
1.053928
0.218626
7.721160
3.597517
55.653492
15.437794
0.062746
6.272358
6.141392
31.155869
251.989380
316.308655
68.651634
0.774895
36.032227
3.432913
5.788316
0.858978
8.534512
19.915218
1.700580
61.482620
409.469299
9.980765
69.830223
1.540107
7.006368
37.140892
4.936546
9.718537
19.144310
17.551174
2.567405
1.568272
10.293292
6.007819
1.646431
2.424131
3.843438
5.937536
109.498764
1.996266
2.684624
292.012695
1.947216
5.161438
7.273338
5.468843
52.201775
278.221588
6.636721
5.363371
28.866713
8.102193
50.473835
15.509804
8.926260
7.017110
108.924263
2.516399
0.774911
3.296781
2.871140
6.081471
19.413383
2.237048
2.150396
11.980957
63.733356
76.438133
13.754263
1.412951
2.237224
6.460970
52.544304
2.450072
17.087523
18.791874
162.419540
116.153526
4.111507
11.284769
8.500953
137.208496
0.294161
3.279533
55.448193
0.843264
5.074086
233.657639
115.297882
10.065898
6.255279
22.144266
120.800430
6.247942
1.228160
1.047653
35.849548
977.585938
4.546477
122.954010
30.291315
5.809177
15.820437
204.518204
8.533712
107.353424
62.842056
26.934473
0.265768
11.445253
10.962966
17.029837
138.265015
26.725164
5.842456
1.133286
18.561005
10.102207
0.135420
3.271027
2.542248
362.365479
2.212470
15.263696
4.350438
121.453232
8.823471
13.888680
142.700943
4.285297
17.257782
45.750610
296.033630
1.749614
100.662674
92.768959
125.960320
9.193169
0.731630
52.329918
48.206749
154.649109
0.026437
370.311401
63.218906
15.894408
248.973450
2.471204
7.569032
4.865415
79.320374
6.824636
7.486093
5.828253
11.424014
46.211987
82.478561
3.002071
9.402220
11.642721
251.430450
17.979498
8.920540
5.066298
28.429266
8.642378
87.894753
0.395904
33.925556
15.373125
8.246296
19.393127
9.402220
26.746082
85.704407
302.263824
87.240875
2.863350
5.639409
3.242380
1.675575
9.402220
66.828384
7.487492
8.698037
50.248875
6.560106
153.395294
3.674310
9.091613
37.201908
24.727121
45.413200
121.152184
39.573921
48.667953
72.694450
145.362427
30.893045
22.073851
37.365654
4.162054
4.534520
